# phi  e1(meV)  e2(meV)  e3(meV)  e4(meV)
0.000000000000000000e+00 -9.998488211700484740e-02 9.998488211700484740e-02
6.289474781961547356e-03 -9.997892186134532677e-02 9.997892186134327286e-02
1.257894956392309471e-02 -9.997197393596370107e-02 9.997197393596134185e-02
1.886842434588464207e-02 -9.996403857135975624e-02 9.996403857135707782e-02
2.515789912784618942e-02 -9.995511600770425054e-02 9.995511600770125293e-02
3.144737390980773678e-02 -9.994520649483196184e-02 9.994520649482867281e-02
3.773684869176928414e-02 -9.993431029223288908e-02 9.993431029222926698e-02
4.402632347373083149e-02 -9.992242766904327333e-02 9.992242766903933204e-02
5.031579825569237885e-02 -9.990955890403668826e-02 9.990955890403245554e-02
5.660527303765392620e-02 -9.989570428561496407e-02 9.989570428561039828e-02
6.289474781961547356e-02 -9.988086411179897262e-02 9.988086411179408763e-02
6.918422260157702786e-02 -9.986503869021939872e-02 9.986503869021422231e-02
7.547369738353856827e-02 -9.984822833810746978e-02 9.984822833810197418e-02
8.176317216550010869e-02 -9.983043338228543562e-02 9.983043338227963470e-02
8.805264694746166299e-02 -9.981165415915714545e-02 9.981165415915102535e-02
9.434212172942321728e-02 -9.979189101469841672e-02 9.979189101469199130e-02
1.006315965113847577e-01 -9.977114430444739002e-02 9.977114430444064541e-02
1.069210712933462981e-01 -9.974941439349474526e-02 9.974941439348769534e-02
1.132105460753078524e-01 -9.972670165647389007e-02 9.972670165646652096e-02
1.195000208572694067e-01 -9.970300647755100942e-02 9.970300647754333501e-02
1.257894956392309471e-01 -9.967832925041508751e-02 9.967832925040709391e-02
1.320789704211924875e-01 -9.965267037826777696e-02 9.965267037825947805e-02
1.383684452031540557e-01 -9.962603027381326803e-02 9.962603027380467768e-02
1.446579199851155961e-01 -9.959840935924801908e-02 9.959840935923912342e-02
1.509473947670771365e-01 -9.956980806625043146e-02 9.956980806624121660e-02
1.572368695490386770e-01 -9.954022683597035792e-02 9.954022683596083776e-02
1.635263443310002174e-01 -9.950966611901876369e-02 9.950966611900892433e-02
1.698158191129617856e-01 -9.947812637545695724e-02 9.947812637544682646e-02
1.761052938949233260e-01 -9.944560807478608488e-02 9.944560807477564879e-02
1.823947686768848664e-01 -9.941211169593630603e-02 9.941211169592556463e-02
1.886842434588464346e-01 -9.937763772725599631e-02 9.937763772724494959e-02
1.949737182408079750e-01 -9.934218666650085350e-02 9.934218666648950147e-02
2.012631930227695154e-01 -9.930575902082289241e-02 9.930575902081123507e-02
2.075526678047310558e-01 -9.926835530675945374e-02 9.926835530674749108e-02
2.138421425866925962e-01 -9.922997605022199075e-02 9.922997605020972278e-02
2.201316173686541644e-01 -9.919062178648489769e-02 9.919062178647233829e-02
2.264210921506157048e-01 -9.915029306017421329e-02 9.915029306016134858e-02
2.327105669325772452e-01 -9.910899042525625480e-02 9.910899042524307090e-02
2.390000417145388134e-01 -9.906671444502614110e-02 9.906671444501267965e-02
2.452895164965003538e-01 -9.902346569209634353e-02 9.902346569208257676e-02
2.515789912784618942e-01 -9.897924474838498687e-02 9.897924474837092867e-02
2.578684660604234624e-01 -9.893405220510427533e-02 9.893405220508991182e-02
2.641579408423849751e-01 -9.888788866274865474e-02 9.888788866273399980e-02
2.704474156243465433e-01 -9.884075473108305809e-02 9.884075473106807008e-02
2.767368904063081114e-01 -9.879265102913090124e-02 9.879265102911563567e-02
2.830263651882696241e-01 -9.874357818516227292e-02 9.874357818514671592e-02
2.893158399702311923e-01 -9.869353683668170840e-02 9.869353683666585997e-02
2.956053147521927049e-01 -9.864252763041619909e-02 9.864252763040004535e-02
3.018947895341542731e-01 -9.859055122230289681e-02 9.859055122228643775e-02
3.081842643161158413e-01 -9.853760827747688744e-02 9.853760827746015083e-02
3.144737390980773539e-01 -9.848369947025886750e-02 9.848369947024182558e-02
3.207632138800389221e-01 -9.842882548414265409e-02 9.842882548412533461e-02
3.270526886620004348e-01 -9.837298701178279203e-02 9.837298701176516724e-02
3.333421634439620029e-01 -9.831618475498188348e-02 9.831618475496399501e-02
3.396316382259235711e-01 -9.825841942467808399e-02 9.825841942465989021e-02
3.459211130078850838e-01 -9.819969174093222397e-02 9.819969174091373876e-02
3.522105877898466519e-01 -9.814000243291519376e-02 9.814000243289641712e-02
3.585000625718082201e-01 -9.807935223889502341e-02 9.807935223887595533e-02
3.647895373537697328e-01 -9.801774190622394856e-02 9.801774190620458904e-02
3.710790121357313009e-01 -9.795517219132543474e-02 9.795517219130579767e-02
3.773684869176928691e-01 -9.789164385968118776e-02 9.789164385966125925e-02
3.836579616996543818e-01 -9.782715768581791427e-02 9.782715768579769433e-02
3.899474364816159500e-01 -9.776171445329417953e-02 9.776171445327368204e-02
3.962369112635774626e-01 -9.769531495468714022e-02 9.769531495466636517e-02
4.025263860455390308e-01 -9.762795999157922178e-02 9.762795999155816917e-02
4.088158608275005990e-01 -9.755965037454471245e-02 9.755965037452335453e-02
4.151053356094621116e-01 -9.749038692313621857e-02 9.749038692311459697e-02
4.213948103914236798e-01 -9.742017046587124474e-02 9.742017046584935946e-02
4.276842851733851925e-01 -9.734900184021853808e-02 9.734900184019636138e-02
4.339737599553467606e-01 -9.727688189258437701e-02 9.727688189256192275e-02
4.402632347373083288e-01 -9.720381147829887380e-02 9.720381147827612811e-02
4.465527095192698415e-01 -9.712979146160213850e-02 9.712979146157912913e-02
4.528421843012314096e-01 -9.705482271563048435e-02 9.705482271560721130e-02
4.591316590831929778e-01 -9.697890612240239738e-02 9.697890612237884678e-02
4.654211338651544905e-01 -9.690204257280456146e-02 9.690204257278074718e-02
4.717106086471160586e-01 -9.682423296657785561e-02 9.682423296655374989e-02
4.780000834290776268e-01 -9.674547821230308764e-02 9.674547821227870437e-02
4.842895582110391395e-01 -9.666577922738693596e-02 9.666577922736228901e-02
4.905790329930007077e-01 -9.658513693804759992e-02 9.658513693802268929e-02
4.968685077749622203e-01 -9.650355227930054736e-02 9.650355227927537305e-02
5.031579825569237885e-01 -9.642102619494406779e-02 9.642102619491861593e-02
5.094474573388853011e-01 -9.633755963754479790e-02 9.633755963751909623e-02
5.157369321208469248e-01 -9.625315356842331638e-02 9.625315356839735104e-02
5.220264069028084375e-01 -9.616780895763947512e-02 9.616780895761323222e-02
5.283158816847699502e-01 -9.608152678397778590e-02 9.608152678395126545e-02
5.346053564667315738e-01 -9.599430803493269604e-02 9.599430803490593966e-02
5.408948312486930865e-01 -9.590615370669393347e-02 9.590615370666691342e-02
5.471843060306545992e-01 -9.581706480413153260e-02 9.581706480410424887e-02
5.534737808126162228e-01 -9.572704234078105445e-02 9.572704234075352092e-02
5.597632555945777355e-01 -9.563608733882861257e-02 9.563608733880081536e-02
5.660527303765392482e-01 -9.554420082909587109e-02 9.554420082906781020e-02
5.723422051585007608e-01 -9.545138385102495959e-02 9.545138385099664891e-02
5.786316799404623845e-01 -9.535763745266337410e-02 9.535763745263481361e-02
5.849211547224238972e-01 -9.526296269064883637e-02 9.526296269062002608e-02
5.912106295043854098e-01 -9.516736063019395897e-02 9.516736063016488500e-02
5.975001042863470335e-01 -9.507083234507096581e-02 9.507083234504164204e-02
6.037895790683085462e-01 -9.497337891759641271e-02 9.497337891756685302e-02
6.100790538502700588e-01 -9.487500143861569979e-02 9.487500143858589030e-02
6.163685286322316825e-01 -9.477570100748761162e-02 9.477570100745753845e-02
6.226580034141931952e-01 -9.467547873206876019e-02 9.467547873203845110e-02
6.289474781961547079e-01 -9.457433572869805571e-02 9.457433572866752458e-02
6.352369529781163315e-01 -9.447227312218105244e-02 9.447227312215024375e-02
6.415264277600778442e-01 -9.436929204577414187e-02 9.436929204574308339e-02
6.478159025420393569e-01 -9.426539364116888475e-02 9.426539364113761810e-02
6.541053773240008695e-01 -9.416057905847627363e-02 9.416057905844477105e-02
6.603948521059624932e-01 -9.405484945621071791e-02 9.405484945617896553e-02
6.666843268879240059e-01 -9.394820600127413990e-02 9.394820600124213772e-02
6.729738016698855185e-01 -9.384064986894002924e-02 9.384064986890779114e-02
6.792632764518471422e-01 -9.373218224283746958e-02 9.373218224280499555e-02
6.855527512338086549e-01 -9.362280431493491539e-02 9.362280431490223320e-02
6.918422260157701675e-01 -9.351251728552421871e-02 9.351251728549127284e-02
6.981317007977317912e-01 -9.340132236320417003e-02 9.340132236317100212e-02
7.044211755796933039e-01 -9.328922076486455273e-02 9.328922076483114889e-02
7.107106503616548165e-01 -9.317621371566958688e-02 9.317621371563598875e-02
7.170001251436164402e-01 -9.306230244904178939e-02 9.306230244900795534e-02
7.232895999255779529e-01 -9.294748820664536226e-02 9.294748820661130617e-02
7.295790747075394655e-01 -9.283177223836981684e-02 9.283177223833555258e-02
7.358685494895010892e-01 -9.271515580231358411e-02 9.271515580227907005e-02
7.421580242714626019e-01 -9.259764016476713933e-02 9.259764016473243098e-02
7.484474990534241146e-01 -9.247922660019675112e-02 9.247922660016180685e-02
7.547369738353857382e-01 -9.235991639122752284e-02 9.235991639119234264e-02
7.610264486173472509e-01 -9.223971082862680859e-02 9.223971082859142023e-02
7.673159233993087636e-01 -9.211861121128743501e-02 9.211861121125183849e-02
7.736053981812702762e-01 -9.199661884621090913e-02 9.199661884617507668e-02
7.798948729632318999e-01 -9.187373504849036254e-02 9.187373504845434968e-02
7.861843477451934126e-01 -9.174996114129396751e-02 9.174996114125771873e-02
7.924738225271549252e-01 -9.162529845584760357e-02 9.162529845581116050e-02
7.987632973091165489e-01 -9.149974833141812092e-02 9.149974833138146968e-02
8.050527720910780616e-01 -9.137331211529611807e-02 9.137331211525924479e-02
8.113422468730395742e-01 -9.124599116277883060e-02 9.124599116274177690e-02
8.176317216550011979e-01 -9.111778683715308913e-02 9.111778683711582727e-02
8.239211964369627106e-01 -9.098870050967795831e-02 9.098870050964050216e-02
8.302106712189242232e-01 -9.085873355956759767e-02 9.085873355952991948e-02
8.365001460008858469e-01 -9.072788737397380343e-02 9.072788737393594483e-02
8.427896207828473596e-01 -9.059616334796888326e-02 9.059616334793080261e-02
8.490790955648088723e-01 -9.046356288452797600e-02 9.046356288448971494e-02
8.553685703467703849e-01 -9.033008742418786874e-02 9.033008742414939951e-02
8.616580451287320086e-01 -9.019573837587313569e-02 9.019573837583449993e-02
8.679475199106935213e-01 -9.006051714710089362e-02 9.006051714706203581e-02
8.742369946926550339e-01 -8.992442517228145527e-02 8.992442517224243093e-02
8.805264694746166576e-01 -8.978746389364047897e-02 8.978746389360126035e-02
8.868159442565781703e-01 -8.964963476120092756e-02 8.964963476116154240e-02
8.931054190385396829e-01 -8.951093923276563780e-02 8.951093923272605835e-02
8.993948938205013066e-01 -8.937137877389937646e-02 8.937137877385958884e-02
9.056843686024628193e-01 -8.923095485791103509e-02 8.923095485787108094e-02
9.119738433844243319e-01 -8.908966896583596362e-02 8.908966896579580130e-02
9.182633181663859556e-01 -8.894752258641779041e-02 8.894752258637747544e-02
9.245527929483474683e-01 -8.880451721609078364e-02 8.880451721605026050e-02
9.308422677303089809e-01 -8.866065435896149094e-02 8.866065435892084290e-02
9.371317425122706046e-01 -8.851593552679119792e-02 8.851593552675035559e-02
9.434212172942321173e-01 -8.837036223897738740e-02 8.837036223893636466e-02
9.497106920761936300e-01 -8.822393602253590650e-02 8.822393602249471722e-02
9.560001668581552536e-01 -8.807665841208267565e-02 8.807665841204133372e-02
9.622896416401167663e-01 -8.792853094981568918e-02 8.792853094977415296e-02
9.685791164220782790e-01 -8.777955518549644676e-02 8.777955518545475788e-02
9.748685912040397916e-01 -8.762973267643200947e-02 8.762973267639014019e-02
9.811580659860014153e-01 -8.747906498745644521e-02 8.747906498741442327e-02
9.874475407679629280e-01 -8.732755369091259323e-02 8.732755369087041863e-02
9.937370155499244406e-01 -8.717520036663364835e-02 8.717520036659130722e-02
1.000026490331886064e+00 -8.702200660192460635e-02 8.702200660188211256e-02
1.006315965113847577e+00 -8.686797399154397303e-02 8.686797399150131271e-02
1.012605439895809090e+00 -8.671310413768501535e-02 8.671310413764221625e-02
1.018894914677770602e+00 -8.655739864995742883e-02 8.655739864991444932e-02
1.025184389459732115e+00 -8.640085914536849154e-02 8.640085914532538713e-02
1.031473864241693850e+00 -8.624348724830470381e-02 8.624348724826144674e-02
1.037763339023655362e+00 -8.608528459051288662e-02 8.608528459046947690e-02
1.044052813805616875e+00 -8.592625281108147439e-02 8.592625281103793977e-02
1.050342288587578388e+00 -8.576639355642194651e-02 8.576639355637824536e-02
1.056631763369539900e+00 -8.560570848024978696e-02 8.560570848020596091e-02
1.062921238151501413e+00 -8.544419924356588814e-02 8.544419924352189555e-02
1.069210712933463148e+00 -8.528186751463742721e-02 8.528186751459329584e-02
1.075500187715424660e+00 -8.511871496897920053e-02 8.511871496893491651e-02
1.081789662497386173e+00 -8.495474328933450003e-02 8.495474328929009111e-02
1.088079137279347686e+00 -8.478995416565626719e-02 8.478995416561173337e-02
1.094368612061309198e+00 -8.462434929508796944e-02 8.462434929504331071e-02
1.100658086843270711e+00 -8.445793038194465696e-02 8.445793038189985946e-02
1.106947561625232446e+00 -8.429069913769367262e-02 8.429069913764875022e-02
1.113237036407193958e+00 -8.412265728093577810e-02 8.412265728089074468e-02
1.119526511189155471e+00 -8.395380653738583610e-02 8.395380653734069165e-02
1.125815985971116984e+00 -8.378414863985367278e-02 8.378414863980836180e-02
1.132105460753078496e+00 -8.361368532822471833e-02 8.361368532817928245e-02
1.138394935535040009e+00 -8.344241834944095271e-02 8.344241834939539193e-02
1.144684410317001522e+00 -8.327034945748146288e-02 8.327034945743579109e-02
1.150973885098963256e+00 -8.309748041334311108e-02 8.309748041329734214e-02
1.157263359880924769e+00 -8.292381298502128628e-02 8.292381298497537856e-02
1.163552834662886282e+00 -8.274934894749025327e-02 8.274934894744423453e-02
1.169842309444847794e+00 -8.257409008268398742e-02 8.257409008263788541e-02
1.176131784226809307e+00 -8.239803817947659315e-02 8.239803817943035236e-02
1.182421259008770820e+00 -8.222119503366266680e-02 8.222119503361632886e-02
1.188710733790732554e+00 -8.204356244793799269e-02 8.204356244789154373e-02
1.195000208572694067e+00 -8.186514223187983663e-02 8.186514223183329053e-02
1.201289683354655580e+00 -8.168593620192737825e-02 8.168593620188073501e-02
1.207579158136617092e+00 -8.150594618136203229e-02 8.150594618131527802e-02
1.213868632918578605e+00 -8.132517400028782539e-02 8.132517400024097398e-02
1.220158107700540118e+00 -8.114362149561173132e-02 8.114362149556478276e-02
1.226447582482501630e+00 -8.096129051102383956e-02 8.096129051097680773e-02
1.232737057264463365e+00 -8.077818289697767662e-02 8.077818289693056153e-02
1.239026532046424878e+00 -8.059430051067040246e-02 8.059430051062321798e-02
1.245316006828386390e+00 -8.040964521602299298e-02 8.040964521597568360e-02
1.251605481610347903e+00 -8.022421888366026987e-02 8.022421888361287723e-02
1.257894956392309416e+00 -8.003802339089116646e-02 8.003802339084371831e-02
1.264184431174270928e+00 -7.985106062168885466e-02 7.985106062164126772e-02
1.270473905956232663e+00 -7.966333246667045564e-02 7.966333246662281320e-02
1.276763380738194176e+00 -7.947484082307755549e-02 7.947484082302982977e-02
1.283052855520155688e+00 -7.928558759475581863e-02 7.928558759470800965e-02
1.289342330302117201e+00 -7.909557469213511494e-02 7.909557469208725045e-02
1.295631805084078714e+00 -7.890480403220946626e-02 7.890480403216151850e-02
1.301921279866040226e+00 -7.871327753851685427e-02 7.871327753846885100e-02
1.308210754648001739e+00 -7.852099714111925033e-02 7.852099714107113604e-02
1.314500229429963474e+00 -7.832796477658221512e-02 7.832796477653404532e-02
1.320789704211924986e+00 -7.813418238795509507e-02 7.813418238790685588e-02
1.327079178993886499e+00 -7.793965192475039994e-02 7.793965192470210523e-02
1.333368653775848012e+00 -7.774437534292394369e-02 7.774437534287559348e-02
1.339658128557809524e+00 -7.754835460485426379e-02 7.754835460480585807e-02
1.345947603339771037e+00 -7.735159167932262325e-02 7.735159167927413426e-02
1.352237078121732772e+00 -7.715408854149236051e-02 7.715408854144384376e-02
1.358526552903694284e+00 -7.695584717288896093e-02 7.695584717284036091e-02
1.364816027685655797e+00 -7.675686956137925399e-02 7.675686956133059846e-02
1.371105502467617310e+00 -7.655715770115129049e-02 7.655715770110260721e-02
1.377394977249578822e+00 -7.635671359269392833e-02 7.635671359264517566e-02
1.383684452031540335e+00 -7.615553924277618236e-02 7.615553924272738806e-02
1.389973926813502070e+00 -7.595363666442694894e-02 7.595363666437805750e-02
1.396263401595463582e+00 -7.575100787691427251e-02 7.575100787686540882e-02
1.402552876377425095e+00 -7.554765490572529218e-02 7.554765490567633135e-02
1.408842351159386608e+00 -7.534357978254498101e-02 7.534357978249599241e-02
1.415131825941348120e+00 -7.513878454523614803e-02 7.513878454518713168e-02
1.421421300723309633e+00 -7.493327123781863552e-02 7.493327123776959142e-02
1.427710775505271146e+00 -7.472704191044865496e-02 7.472704191039956922e-02
1.434000250287232880e+00 -7.452009861939813684e-02 7.452009861934903723e-02
1.440289725069194393e+00 -7.431244342703417771e-02 7.431244342698502259e-02
1.446579199851155906e+00 -7.410407840179811245e-02 7.410407840174892957e-02
1.452868674633117418e+00 -7.389500561818496127e-02 7.389500561813580615e-02
1.459158149415078931e+00 -7.368522715672282120e-02 7.368522715667358280e-02
1.465447624197040444e+00 -7.347474510395159142e-02 7.347474510390232527e-02
1.471737098979002178e+00 -7.326356155240269785e-02 7.326356155235340395e-02
1.478026573760963691e+00 -7.305167860057797113e-02 7.305167860052867723e-02
1.484316048542925204e+00 -7.283909835292902424e-02 7.283909835287970258e-02
1.490605523324886716e+00 -7.262582291983606109e-02 7.262582291978673943e-02
1.496894998106848229e+00 -7.241185441758736518e-02 7.241185441753804353e-02
1.503184472888809742e+00 -7.219719503021991558e-02 7.219719503017056617e-02
1.509473947670771476e+00 -7.198184686318162551e-02 7.198184686313227609e-02
1.515763422452732989e+00 -7.176581201143680810e-02 7.176581201138741706e-02
1.522052897234694502e+00 -7.154909261468299364e-02 7.154909261463364423e-02
1.528342372016656014e+00 -7.133169081842102854e-02 7.133169081837165137e-02
1.534631846798617527e+00 -7.111360877393350932e-02 7.111360877388411827e-02
1.540921321580579040e+00 -7.089484863826407690e-02 7.089484863821469973e-02
1.547210796362540552e+00 -7.067541257419639178e-02 7.067541257414697298e-02
1.553500271144502287e+00 -7.045530275023266509e-02 7.045530275018326016e-02
1.559789745926463800e+00 -7.023452134057300844e-02 7.023452134052364515e-02
1.566079220708425312e+00 -7.001307052509417317e-02 7.001307052504478212e-02
1.572368695490386825e+00 -6.979095248932809525e-02 6.979095248927874584e-02
1.578658170272348338e+00 -6.956816942444120355e-02 6.956816942439185414e-02
1.584947645054309850e+00 -6.934472352721281208e-02 6.934472352716347654e-02
1.591237119836271585e+00 -6.912061700001424780e-02 6.912061699996489839e-02
1.597526594618233098e+00 -6.889585205078727070e-02 6.889585205073796292e-02
1.603816069400194610e+00 -6.867043089302325709e-02 6.867043089297393543e-02
1.610105544182156123e+00 -6.844435574574142533e-02 6.844435574569215919e-02
1.616395018964117636e+00 -6.821762883346807471e-02 6.821762883341880856e-02
1.622684493746079148e+00 -6.799025238621481115e-02 6.799025238616557276e-02
1.628973968528040661e+00 -6.776222863945750852e-02 6.776222863940829788e-02
1.635263443310002396e+00 -6.753355983411482577e-02 6.753355983406565677e-02
1.641552918091963909e+00 -6.730424821652698786e-02 6.730424821647783273e-02
1.647842392873925421e+00 -6.707429603843416410e-02 6.707429603838506449e-02
1.654131867655886934e+00 -6.684370555695529070e-02 6.684370555690626048e-02
1.660421342437848446e+00 -6.661247903456661568e-02 6.661247903451759933e-02
1.666710817219809959e+00 -6.638061873908004951e-02 6.638061873903104704e-02
1.673000292001771694e+00 -6.614812694362201539e-02 6.614812694357301293e-02
1.679289766783733207e+00 -6.591500592661159175e-02 6.591500592656268642e-02
1.685579241565694719e+00 -6.568125797173962610e-02 6.568125797169073465e-02
1.691868716347656232e+00 -6.544688536794650291e-02 6.544688536789765310e-02
1.698158191129617745e+00 -6.521189040940109094e-02 6.521189040935229664e-02
1.704447665911579257e+00 -6.497627539547908004e-02 6.497627539543034125e-02
1.710737140693540770e+00 -6.474004263074138732e-02 6.474004263069270404e-02
1.717026615475502505e+00 -6.450319442491254940e-02 6.450319442486392163e-02
1.723316090257464017e+00 -6.426573309285925351e-02 6.426573309281068125e-02
1.729605565039425530e+00 -6.402766095456857709e-02 6.402766095452004647e-02
1.735895039821387043e+00 -6.378898033512643562e-02 6.378898033507794663e-02
1.742184514603348555e+00 -6.354969356469589159e-02 6.354969356464744423e-02
1.748473989385310068e+00 -6.330980297849551908e-02 6.330980297844719662e-02
1.754763464167271803e+00 -6.306931091677785151e-02 6.306931091672957068e-02
1.761052938949233315e+00 -6.282821972480739925e-02 6.282821972475918781e-02
1.767342413731194828e+00 -6.258653175283923620e-02 6.258653175279103864e-02
1.773631888513156341e+00 -6.234424935609692020e-02 6.234424935604885448e-02
1.779921363295117853e+00 -6.210137489475127393e-02 6.210137489470327066e-02
1.786210838077079366e+00 -6.185791073389810407e-02 6.185791073385015632e-02
1.792500312859041101e+00 -6.161385924353666305e-02 6.161385924348881243e-02
1.798789787641002613e+00 -6.136922279854799961e-02 6.136922279850021145e-02
1.805079262422964126e+00 -6.112400377867278911e-02 6.112400377862511891e-02
1.811368737204925639e+00 -6.087820456848994782e-02 6.087820456844231926e-02
1.817658211986887151e+00 -6.063182755739437296e-02 6.063182755734682072e-02
1.823947686768848664e+00 -6.038487513957545988e-02 6.038487513952798397e-02
1.830237161550810177e+00 -6.013734971399497392e-02 6.013734971394760209e-02
1.836526636332771911e+00 -5.988925368436534558e-02 5.988925368431807783e-02
1.842816111114733424e+00 -5.964058945912779214e-02 5.964058945908060072e-02
1.849105585896694937e+00 -5.939135945143017570e-02 5.939135945138310224e-02
1.855395060678656449e+00 -5.914156607910545788e-02 5.914156607905841911e-02
1.861684535460617962e+00 -5.889121176464931495e-02 5.889121176460238027e-02
1.867974010242579475e+00 -5.864029893519863423e-02 5.864029893515179670e-02
1.874263485024541209e+00 -5.838883002250926796e-02 5.838883002246256226e-02
1.880552959806502722e+00 -5.813680746293428681e-02 5.813680746288764356e-02
1.886842434588464235e+00 -5.788423369740163665e-02 5.788423369735511831e-02
1.893131909370425747e+00 -5.763111117139260720e-02 5.763111117134616518e-02
1.899421384152387260e+00 -5.737744233491937074e-02 5.737744233487305362e-02
1.905710858934348773e+00 -5.712322964250335366e-02 5.712322964245711288e-02
1.912000333716310507e+00 -5.686847555315278913e-02 5.686847555310667324e-02
1.918289808498272020e+00 -5.661318253034113707e-02 5.661318253029511832e-02
1.924579283280233533e+00 -5.635735304198457446e-02 5.635735304193870143e-02
1.930868758062195045e+00 -5.610098956042022800e-02 5.610098956037449375e-02
1.937158232844156558e+00 -5.584409456238399738e-02 5.584409456233835334e-02
1.943447707626118071e+00 -5.558667052898833005e-02 5.558667052894279703e-02
1.949737182408079583e+00 -5.532871994570026652e-02 5.532871994565485840e-02
1.956026657190041318e+00 -5.507024530231927756e-02 5.507024530227402903e-02
1.962316131972002831e+00 -5.481124909295519848e-02 5.481124909291001240e-02
1.968605606753964343e+00 -5.455173381600582350e-02 5.455173381596076232e-02
1.974895081535925856e+00 -5.429170197413502041e-02 5.429170197409010495e-02
1.981184556317887369e+00 -5.403115616611973288e-02 5.403115616607494925e-02
1.987474031099848881e+00 -5.377009883000785639e-02 5.377009882996319767e-02
1.993763505881810616e+00 -5.350853246188595064e-02 5.350853246184139600e-02
2.000052980663772129e+00 -5.324645958124410439e-02 5.324645958119969547e-02
2.006342455445733641e+00 -5.298388271172742997e-02 5.298388271168315289e-02
2.012631930227695154e+00 -5.272080438111387268e-02 5.272080438106973438e-02
2.018921405009656667e+00 -5.245722712129195081e-02 5.245722712124794435e-02
2.025210879791618179e+00 -5.219315346823845403e-02 5.219315346819460022e-02
2.031500354573579692e+00 -5.192858596199625976e-02 5.192858596195259330e-02
2.037789829355541205e+00 -5.166352714665221196e-02 5.166352714660860102e-02
2.044079304137502717e+00 -5.139797957031432690e-02 5.139797957027090330e-02
2.050368778919464230e+00 -5.113194578509019927e-02 5.113194578504690752e-02
2.056658253701426187e+00 -5.086542834706420102e-02 5.086542834702104804e-02
2.062947728483387699e+00 -5.059842981627530462e-02 5.059842981623233898e-02
2.069237203265349212e+00 -5.033095275669496188e-02 5.033095275665214891e-02
2.075526678047310725e+00 -5.006299973620448318e-02 5.006299973616179511e-02
2.081816152829272237e+00 -4.979457332657277052e-02 4.979457332653026286e-02
2.088105627611233750e+00 -4.952567610343422411e-02 4.952567610339185522e-02
2.094395102393195263e+00 -4.925631064626603828e-02 4.925631064622379429e-02
2.100684577175156775e+00 -4.898647953836596236e-02 4.898647953832389185e-02
2.106974051957118288e+00 -4.871618536683013784e-02 4.871618536678817835e-02
2.113263526739079801e+00 -4.844543072253022081e-02 4.844543072248846949e-02
2.119553001521041313e+00 -4.817421820009162164e-02 4.817421820005007155e-02
2.125842476303002826e+00 -4.790255039787063435e-02 4.790255039782922997e-02
2.132131951084964339e+00 -4.763042991793209335e-02 4.763042991789086938e-02
2.138421425866926295e+00 -4.735785936602712742e-02 4.735785936598604917e-02
2.144710900648887808e+00 -4.708484135157060824e-02 4.708484135152968264e-02
2.151000375430849321e+00 -4.681137848761865450e-02 4.681137848757789544e-02
2.157289850212810833e+00 -4.653747339084633727e-02 4.653747339080576556e-02
2.163579324994772346e+00 -4.626312868152512858e-02 4.626312868148477198e-02
2.169868799776733859e+00 -4.598834698350052347e-02 4.598834698346031258e-02
2.176158274558695371e+00 -4.571313092416938451e-02 4.571313092412934709e-02
2.182447749340656884e+00 -4.543748313445760550e-02 4.543748313441777625e-02
2.188737224122618397e+00 -4.516140624879770582e-02 4.516140624875802922e-02
2.195026698904579909e+00 -4.488490290510607772e-02 4.488490290506659541e-02
2.201316173686541422e+00 -4.460797574476069866e-02 4.460797574472142452e-02
2.207605648468502935e+00 -4.433062741257864925e-02 4.433062741253952777e-02
2.213895123250464891e+00 -4.405286055679322882e-02 4.405286055675430856e-02
2.220184598032426404e+00 -4.377467782903197990e-02 4.377467782899326088e-02
2.226474072814387917e+00 -4.349608188429376215e-02 4.349608188425520272e-02
2.232763547596349429e+00 -4.321707538092620787e-02 4.321707538088785661e-02
2.239053022378310942e+00 -4.293766098060342734e-02 4.293766098056523567e-02
2.245342497160272455e+00 -4.265784134830317292e-02 4.265784134826521024e-02
2.251631971942233967e+00 -4.237761915228451665e-02 4.237761915224673437e-02
2.257921446724195480e+00 -4.209699706406516001e-02 4.209699706402752345e-02
2.264210921506156993e+00 -4.181597775839868136e-02 4.181597775836126685e-02
2.270500396288118505e+00 -4.153456391325233144e-02 4.153456391321511121e-02
2.276789871070080018e+00 -4.125275820978411417e-02 4.125275820974713681e-02
2.283079345852041531e+00 -4.097056333232043657e-02 4.097056333228364655e-02
2.289368820634003043e+00 -4.068798196833323111e-02 4.068798196829664926e-02
2.295658295415965000e+00 -4.040501680841751542e-02 4.040501680838112786e-02
2.301947770197926513e+00 -4.012167054626877838e-02 4.012167054623261286e-02
2.308237244979888025e+00 -3.983794587866031772e-02 3.983794587862436037e-02
2.314526719761849538e+00 -3.955384550542054289e-02 3.955384550538480759e-02
2.320816194543811051e+00 -3.926937212941048611e-02 3.926937212937496591e-02
2.327105669325772563e+00 -3.898452845650098031e-02 3.898452845646566134e-02
2.333395144107734076e+00 -3.869931719555015637e-02 3.869931719551503169e-02
2.339684618889695589e+00 -3.841374105838061409e-02 3.841374105834571839e-02
2.345974093671657101e+00 -3.812780275975698879e-02 3.812780275972230820e-02
2.352263568453618614e+00 -3.784150501736307376e-02 3.784150501732863603e-02
2.358553043235580127e+00 -3.755485055177930354e-02 3.755485055174509479e-02
2.364842518017541639e+00 -3.726784208645993884e-02 3.726784208642591051e-02
2.371131992799503152e+00 -3.698048234771041803e-02 3.698048234767658399e-02
2.377421467581465109e+00 -3.669277406466457669e-02 3.669277406463102020e-02
2.383710942363426621e+00 -3.640471996926236686e-02 3.640471996922902548e-02
2.390000417145388134e+00 -3.611632281140642053e-02 3.611632281137330119e-02
2.396289891927349647e+00 -3.582758538849523805e-02 3.582758538846235463e-02
2.402579366709311159e+00 -3.553851036448503475e-02 3.553851036445237338e-02
2.408868841491272672e+00 -3.524910048229813742e-02 3.524910048226569115e-02
2.415158316273234185e+00 -3.495935848754923997e-02 3.495935848751704350e-02
2.421447791055195697e+00 -3.466928712852265088e-02 3.466928712849066951e-02
2.427737265837157210e+00 -3.437888915614941560e-02 3.437888915611765628e-02
2.434026740619118723e+00 -3.408816732398476518e-02 3.408816732395327648e-02
2.440316215401080235e+00 -3.379712438818527342e-02 3.379712438815399983e-02
2.446605690183041748e+00 -3.350576310748614589e-02 3.350576310745506659e-02
2.452895164965003261e+00 -3.321408624317827990e-02 3.321408624314749897e-02
2.459184639746965217e+00 -3.292209655908588661e-02 3.292209655905534854e-02
2.465474114528926730e+00 -3.262979682154339839e-02 3.262979682151308236e-02
2.471763589310888243e+00 -3.233718979937274390e-02 3.233718979934264992e-02
2.478053064092849755e+00 -3.204427826386067185e-02 3.204427826383084155e-02
2.484342538874811268e+00 -3.175106498873594973e-02 3.175106498870634147e-02
2.490632013656772781e+00 -3.145755275014645858e-02 3.145755275011710705e-02
2.496921488438734293e+00 -3.116374432663664498e-02 3.116374432660751898e-02
2.503210963220695806e+00 -3.086964249912442504e-02 3.086964249909554536e-02
2.509500438002657319e+00 -3.057525005087862943e-02 3.057525005084998915e-02
2.515789912784618831e+00 -3.028056976749607040e-02 3.028056976746770421e-02
2.522079387566580344e+00 -2.998560443687883770e-02 2.998560443685070048e-02
2.528368862348541857e+00 -2.969035684921131346e-02 2.969035684918341911e-02
2.534658337130503369e+00 -2.939482979693757228e-02 2.939482979690992773e-02
2.540947811912465326e+00 -2.909902607473838221e-02 2.909902607471101174e-02
2.547237286694426839e+00 -2.880294847950851111e-02 2.880294847948139045e-02
2.553526761476388351e+00 -2.850659981033385609e-02 2.850659981030696788e-02
2.559816236258349864e+00 -2.820998286846847572e-02 2.820998286844185812e-02
2.566105711040311377e+00 -2.791310045731201783e-02 2.791310045728565697e-02
2.572395185822272889e+00 -2.761595538238668240e-02 2.761595538236057135e-02
2.578684660604234402e+00 -2.731855045131439952e-02 2.731855045128854867e-02
2.584974135386195915e+00 -2.702088847379407674e-02 2.702088847376847916e-02
2.591263610168157427e+00 -2.672297226157863137e-02 2.672297226155333216e-02
2.597553084950118940e+00 -2.642480462845232109e-02 2.642480462842725780e-02
2.603842559732080453e+00 -2.612638839020758885e-02 2.612638839018278231e-02
2.610132034514041965e+00 -2.582772636462243518e-02 2.582772636459790272e-02
2.616421509296003478e+00 -2.552882137143754060e-02 2.552882137141329263e-02
2.622710984077965435e+00 -2.522967623233331527e-02 2.522967623230933099e-02
2.629000458859926947e+00 -2.493029377090709778e-02 2.493029377088337023e-02
2.635289933641888460e+00 -2.463067681265014922e-02 2.463067681262666453e-02
2.641579408423849973e+00 -2.433082818492487975e-02 2.433082818490169344e-02
2.647868883205811485e+00 -2.403075071694211681e-02 2.403075071691917336e-02
2.654158357987772998e+00 -2.373044723973781814e-02 2.373044723971513836e-02
2.660447832769734511e+00 -2.342992058615060713e-02 2.342992058612821185e-02
2.666737307551696023e+00 -2.312917359079860735e-02 2.312917359077650004e-02
2.673026782333657536e+00 -2.282820909005670723e-02 2.282820909003486359e-02
2.679316257115619049e+00 -2.252702992203352295e-02 2.252702992201196727e-02
2.685605731897580561e+00 -2.222563892654868742e-02 2.222563892652739542e-02
2.691895206679542074e+00 -2.192403894510969523e-02 2.192403894508865303e-02
2.698184681461504031e+00 -2.162223282088912568e-02 2.162223282086841308e-02
2.704474156243465544e+00 -2.132022339870204633e-02 2.132022339868155925e-02
2.710763631025427056e+00 -2.101801352498237560e-02 2.101801352496220077e-02
2.717053105807388569e+00 -2.071560604776071651e-02 2.071560604774080883e-02
2.723342580589350082e+00 -2.041300381664092056e-02 2.041300381662130778e-02
2.729632055371311594e+00 -2.011020968277754672e-02 2.011020968275815946e-02
2.735921530153273107e+00 -1.980722649885250514e-02 1.980722649883345440e-02
2.742211004935234619e+00 -1.950405711905272774e-02 1.950405711903394415e-02
2.748500479717196132e+00 -1.920070439904661766e-02 1.920070439902810816e-02
2.754789954499157645e+00 -1.889717119596156028e-02 1.889717119594332140e-02
2.761079429281119157e+00 -1.859346036836075772e-02 1.859346036834283455e-02
2.767368904063080670e+00 -1.828957477622049355e-02 1.828957477620282365e-02
2.773658378845042183e+00 -1.798551729690810175e-02 1.798551729689073023e-02
2.779947853627004140e+00 -1.768129081037848882e-02 1.768129081036138792e-02
2.786237328408965652e+00 -1.737689814583116485e-02 1.737689814581431721e-02
2.792526803190927165e+00 -1.707234216865726947e-02 1.707234216864076184e-02
2.798816277972888678e+00 -1.676762574554660490e-02 1.676762574553035401e-02
2.805105752754850190e+00 -1.646275174446425182e-02 1.646275174444829931e-02
2.811395227536811703e+00 -1.615772303462800069e-02 1.615772303461230144e-02
2.817684702318773216e+00 -1.585254248648495026e-02 1.585254248646959449e-02
2.823974177100734728e+00 -1.554721297168918173e-02 1.554721297167407923e-02
2.830263651882696241e+00 -1.524173736307811271e-02 1.524173736306331031e-02
2.836553126664657754e+00 -1.493611853465009499e-02 1.493611853463557015e-02
2.842842601446619266e+00 -1.463035936154115195e-02 1.463035936152693242e-02
2.849132076228580779e+00 -1.432446272000214085e-02 1.432446271998822143e-02
2.855421551010542291e+00 -1.401843148737576261e-02 1.401843148736210166e-02
2.861711025792504248e+00 -1.371226854207353157e-02 1.371226854206016900e-02
2.868000500574465761e+00 -1.340597676355299687e-02 1.340597676353993788e-02
2.874289975356427274e+00 -1.309955903229459429e-02 1.309955903228179376e-02
2.880579450138388786e+00 -1.279301822977861949e-02 1.279301822976614336e-02
2.886868924920350299e+00 -1.248635723846260384e-02 1.248635723845045557e-02
2.893158399702311812e+00 -1.217957894175801178e-02 1.217957894174614454e-02
2.899447874484273324e+00 -1.187268622400738938e-02 1.187268622399580489e-02
2.905737349266234837e+00 -1.156568197046132195e-02 1.156568197045004104e-02
2.912026824048196350e+00 -1.125856906725562767e-02 1.125856906724462952e-02
2.918316298830157862e+00 -1.095135040138817302e-02 1.095135040137748018e-02
2.924605773612119375e+00 -1.064402886069607673e-02 1.064402886068569094e-02
2.930895248394080888e+00 -1.033660733383260331e-02 1.033660733382250028e-02
2.937184723176042400e+00 -1.002908871024419703e-02 1.002908871023439931e-02
2.943474197958004357e+00 -9.721475880147614768e-03 9.721475880138122361e-03
2.949763672739965870e+00 -9.413771734506817812e-03 9.413771734497634186e-03
2.956053147521927382e+00 -9.105979165010052653e-03 9.105979165001155257e-03
2.962342622303888895e+00 -8.798101064046819075e-03 8.798101064038206173e-03
2.968632097085850408e+00 -8.490140324684885068e-03 8.490140324676600028e-03
2.974921571867811920e+00 -8.182099840647443986e-03 8.182099840639422625e-03
2.981211046649773433e+00 -7.873982506289841504e-03 7.873982506282151475e-03
2.987500521431734946e+00 -7.565791216576925327e-03 7.565791216569520659e-03
2.993789996213696458e+00 -7.257528867059791222e-03 7.257528867052671917e-03
3.000079470995657971e+00 -6.949198353852906358e-03 6.949198353846074150e-03
3.006368945777619484e+00 -6.640802573611040947e-03 6.640802573604539204e-03
3.012658420559580996e+00 -6.332344423506492195e-03 6.332344423500277548e-03
3.018947895341542953e+00 -6.023826801205684617e-03 6.023826801199823854e-03
3.025237370123504466e+00 -5.715252604846794704e-03 5.715252604841221037e-03
3.031526844905465978e+00 -5.406624733016099707e-03 5.406624733010790586e-03
3.037816319687427491e+00 -5.097946084725205051e-03 5.097946084720250681e-03
3.044105794469389004e+00 -4.789219559388477321e-03 4.789219559383788363e-03
3.050395269251350516e+00 -4.480448056799343597e-03 4.480448056794941736e-03
3.056684744033312029e+00 -4.171634477107782554e-03 4.171634477103668658e-03
3.062974218815273542e+00 -3.862781720797136414e-03 3.862781720793332600e-03
3.069263693597235054e+00 -3.553892688661204786e-03 3.553892688657711053e-03
3.075553168379196567e+00 -3.244970281781204505e-03 3.244970281778020854e-03
3.081842643161158080e+00 -2.936017401502755489e-03 2.936017401499882353e-03
3.088132117943119592e+00 -2.627036949412841441e-03 2.627036949410278821e-03
3.094421592725081105e+00 -2.318031827316968316e-03 2.318031827314694093e-03
3.100711067507043062e+00 -2.009004937215926826e-03 2.009004937213985237e-03
3.107000542289004574e+00 -1.699959181283084049e-03 1.699959181281431074e-03
3.113290017070966087e+00 -1.390897461841121216e-03 1.390897461839734955e-03
3.119579491852927600e+00 -1.081822681339060553e-03 1.081822681338029260e-03
3.125868966634889112e+00 -7.727377423295786777e-04 7.727377423288358908e-04
3.132158441416850625e+00 -4.636455474455664690e-04 4.636455474451345771e-04
3.138447916198812138e+00 -1.545489993773992339e-04 1.545489993772560650e-04
3.144737390980773650e+00 -1.545489993772216145e-04 1.545489993774114854e-04
3.151026865762735163e+00 -4.636455474451001537e-04 4.636455474455342682e-04
3.157316340544696676e+00 -7.727377423288015216e-04 7.727377423295687031e-04
3.163605815326658188e+00 -1.081822681337995000e-03 1.081822681339028461e-03
3.169895290108619701e+00 -1.390897461839700477e-03 1.390897461841067006e-03
3.176184764890581214e+00 -1.699959181281396814e-03 1.699959181283074291e-03
3.182474239672543170e+00 -2.009004937213973094e-03 2.009004937215961087e-03
3.188763714454504683e+00 -2.318031827314659399e-03 2.318031827316980459e-03
3.195053189236466196e+00 -2.627036949410244127e-03 2.627036949412875702e-03
3.201342664018427708e+00 -2.936017401499848092e-03 2.936017401502723397e-03
3.207632138800389221e+00 -3.244970281777986160e-03 3.244970281781194097e-03
3.213921613582350734e+00 -3.553892688657676359e-03 3.553892688661217363e-03
3.220211088364312246e+00 -3.862781720793297905e-03 3.862781720797104756e-03
3.226500563146273759e+00 -4.171634477103633963e-03 4.171634477107727910e-03
3.232790037928235272e+00 -4.480448056794907041e-03 4.480448056799311504e-03
3.239079512710196784e+00 -4.789219559383753669e-03 4.789219559388467780e-03
3.245368987492158297e+00 -5.097946084720215987e-03 5.097946084725239746e-03
3.251658462274119810e+00 -5.406624733010756759e-03 5.406624733016067615e-03
3.257947937056081322e+00 -5.715252604841186343e-03 5.715252604846763479e-03
3.264237411838043279e+00 -6.023826801199810843e-03 6.023826801205719311e-03
3.270526886620004792e+00 -6.332344423500242854e-03 6.332344423506482654e-03
3.276816361401966304e+00 -6.640802573604504509e-03 6.640802573611008855e-03
3.283105836183927817e+00 -6.949198353846039455e-03 6.949198353852852582e-03
3.289395310965889330e+00 -7.257528867052637223e-03 7.257528867059781681e-03
3.295684785747850842e+00 -7.565791216569486832e-03 7.565791216576938337e-03
3.301974260529812355e+00 -7.873982506282116781e-03 7.873982506289853647e-03
3.308263735311773868e+00 -8.182099840639387930e-03 8.182099840647433578e-03
3.314553210093735380e+00 -8.490140324676565334e-03 8.490140324684874659e-03
3.320842684875696893e+00 -8.798101064038171479e-03 8.798101064046810402e-03
3.327132159657658406e+00 -9.105979165001120562e-03 9.105979165010043980e-03
3.333421634439619918e+00 -9.413771734497599492e-03 9.413771734506829955e-03
3.339711109221581431e+00 -9.721475880138087666e-03 9.721475880147625176e-03
3.346000584003543388e+00 -1.002908871023436635e-02 1.002908871024418835e-02
3.352290058785504900e+00 -1.033660733382246559e-02 1.033660733383257035e-02
3.358579533567466413e+00 -1.064402886068565625e-02 1.064402886069606806e-02
3.364869008349427926e+00 -1.095135040137744722e-02 1.095135040138818516e-02
3.371158483131389438e+00 -1.125856906724459483e-02 1.125856906725559471e-02
3.377447957913350951e+00 -1.156568197045000634e-02 1.156568197046131154e-02
3.383737432695312464e+00 -1.187268622399577193e-02 1.187268622400735815e-02
3.390026907477273976e+00 -1.217957894174610985e-02 1.217957894175800138e-02
3.396316382259235489e+00 -1.248635723845042261e-02 1.248635723846259343e-02
3.402605857041197002e+00 -1.279301822976611040e-02 1.279301822977858653e-02
3.408895331823158514e+00 -1.309955903228176080e-02 1.309955903229453877e-02
3.415184806605120027e+00 -1.340597676353990492e-02 1.340597676355296392e-02
3.421474281387081540e+00 -1.371226854206013604e-02 1.371226854207352290e-02
3.427763756169043496e+00 -1.401843148736206870e-02 1.401843148737573312e-02
3.434053230951005009e+00 -1.432446271998818500e-02 1.432446272000215126e-02
3.440342705732966522e+00 -1.463035936152689599e-02 1.463035936154112072e-02
3.446632180514928034e+00 -1.493611853463553719e-02 1.493611853465008459e-02
3.452921655296889547e+00 -1.524173736306327735e-02 1.524173736307807975e-02
3.459211130078851060e+00 -1.554721297167404627e-02 1.554721297168919214e-02
3.465500604860812572e+00 -1.585254248646955980e-02 1.585254248648498496e-02
3.471790079642774085e+00 -1.615772303461226675e-02 1.615772303462796947e-02
3.478079554424735598e+00 -1.646275174444826114e-02 1.646275174446424142e-02
3.484369029206697110e+00 -1.676762574553032278e-02 1.676762574554661878e-02
3.490658503988658623e+00 -1.707234216864072715e-02 1.707234216865727988e-02
3.496947978770620136e+00 -1.737689814581430334e-02 1.737689814583113015e-02
3.503237453552582092e+00 -1.768129081036137751e-02 1.768129081037848188e-02
3.509526928334543605e+00 -1.798551729689069553e-02 1.798551729690811563e-02
3.515816403116505118e+00 -1.828957477620278896e-02 1.828957477622050395e-02
3.522105877898466630e+00 -1.859346036834280333e-02 1.859346036836078894e-02
3.528395352680428143e+00 -1.889717119594329017e-02 1.889717119596157069e-02
3.534684827462389656e+00 -1.920070439902807347e-02 1.920070439904660725e-02
3.540974302244351168e+00 -1.950405711903391293e-02 1.950405711905274161e-02
3.547263777026312681e+00 -1.980722649883341624e-02 1.980722649885253983e-02
3.553553251808274194e+00 -2.011020968275812476e-02 2.011020968277751897e-02
3.559842726590235706e+00 -2.041300381662127308e-02 2.041300381664091362e-02
3.566132201372197219e+00 -2.071560604774077760e-02 2.071560604776073039e-02
3.572421676154158732e+00 -2.101801352496216607e-02 2.101801352498238948e-02
3.578711150936120244e+00 -2.132022339868152455e-02 2.132022339870201511e-02
3.585000625718082201e+00 -2.162223282086840268e-02 2.162223282088913956e-02
3.591290100500043714e+00 -2.192403894508861487e-02 2.192403894510968829e-02
3.597579575282005226e+00 -2.222563892652736073e-02 2.222563892654867701e-02
3.603869050063966739e+00 -2.252702992201193258e-02 2.252702992203353682e-02
3.610158524845928252e+00 -2.282820909003482890e-02 2.282820909005672111e-02
3.616447999627889764e+00 -2.312917359077646534e-02 2.312917359079859694e-02
3.622737474409851277e+00 -2.342992058612818063e-02 2.342992058615059672e-02
3.629026949191812790e+00 -2.373044723971510714e-02 2.373044723973776610e-02
3.635316423973774302e+00 -2.403075071691913867e-02 2.403075071694208559e-02
3.641605898755735815e+00 -2.433082818490166221e-02 2.433082818492489016e-02
3.647895373537697328e+00 -2.463067681262662983e-02 2.463067681265011799e-02
3.654184848319658840e+00 -2.493029377088333554e-02 2.493029377090709084e-02
3.660474323101620353e+00 -2.522967623230929629e-02 2.522967623233331180e-02
3.666763797883582310e+00 -2.552882137141325794e-02 2.552882137143755101e-02
3.673053272665543822e+00 -2.582772636459787149e-02 2.582772636462242477e-02
3.679342747447505335e+00 -2.612638839018274761e-02 2.612638839020757844e-02
3.685632222229466848e+00 -2.642480462842722311e-02 2.642480462845228639e-02
3.691921697011428360e+00 -2.672297226155329747e-02 2.672297226157866606e-02
3.698211171793389873e+00 -2.702088847376844793e-02 2.702088847379406980e-02
3.704500646575351386e+00 -2.731855045128851744e-02 2.731855045131437176e-02
3.710790121357312898e+00 -2.761595538236053665e-02 2.761595538238662689e-02
3.717079596139274411e+00 -2.791310045728562228e-02 2.791310045731201436e-02
3.723369070921235924e+00 -2.820998286844182690e-02 2.820998286846846531e-02
3.729658545703197436e+00 -2.850659981030693318e-02 2.850659981033382140e-02
3.735948020485158949e+00 -2.880294847948136269e-02 2.880294847950850071e-02
3.742237495267120462e+00 -2.909902607471097705e-02 2.909902607473835098e-02
3.748526970049082419e+00 -2.939482979690989650e-02 2.939482979693756187e-02
3.754816444831043931e+00 -2.969035684918338788e-02 2.969035684921128224e-02
3.761105919613005444e+00 -2.998560443685066579e-02 2.998560443687878913e-02
3.767395394394966956e+00 -3.028056976746766951e-02 3.028056976749606347e-02
3.773684869176928469e+00 -3.057525005084995792e-02 3.057525005087859474e-02
3.779974343958889982e+00 -3.086964249909551414e-02 3.086964249912441810e-02
3.786263818740851494e+00 -3.116374432660748428e-02 3.116374432663663457e-02
3.792553293522813007e+00 -3.145755275011707236e-02 3.145755275014645164e-02
3.798842768304774520e+00 -3.175106498870630678e-02 3.175106498873594280e-02
3.805132243086736032e+00 -3.204427826383080685e-02 3.204427826386065797e-02
3.811421717868697545e+00 -3.233718979934261523e-02 3.233718979937273696e-02
3.817711192650659058e+00 -3.262979682151304767e-02 3.262979682154340533e-02
3.824000667432621015e+00 -3.292209655905533466e-02 3.292209655908591437e-02
3.830290142214582527e+00 -3.321408624314747121e-02 3.321408624317829378e-02
3.836579616996544040e+00 -3.350576310745505965e-02 3.350576310748613201e-02
3.842869091778505553e+00 -3.379712438815396514e-02 3.379712438818528730e-02
3.849158566560467065e+00 -3.408816732395324872e-02 3.408816732398477906e-02
3.855448041342428578e+00 -3.437888915611762158e-02 3.437888915614941560e-02
3.861737516124390091e+00 -3.466928712849063482e-02 3.466928712852265781e-02
3.868026990906351603e+00 -3.495935848751701575e-02 3.495935848754926772e-02
3.874316465688313116e+00 -3.524910048226566339e-02 3.524910048229814435e-02
3.880605940470274628e+00 -3.553851036445234562e-02 3.553851036448500006e-02
3.886895415252236141e+00 -3.582758538846231994e-02 3.582758538849521029e-02
3.893184890034197654e+00 -3.611632281137327344e-02 3.611632281140643441e-02
3.899474364816159166e+00 -3.640471996922899078e-02 3.640471996926235992e-02
3.905763839598121123e+00 -3.669277406463100633e-02 3.669277406466461139e-02
3.912053314380082636e+00 -3.698048234767654929e-02 3.698048234771036946e-02
3.918342789162044149e+00 -3.726784208642587581e-02 3.726784208645994578e-02
3.924632263944005661e+00 -3.755485055174506009e-02 3.755485055177933823e-02
3.930921738725967174e+00 -3.784150501732860827e-02 3.784150501736304600e-02
3.937211213507928687e+00 -3.812780275972227351e-02 3.812780275975702349e-02
3.943500688289890199e+00 -3.841374105834568370e-02 3.841374105838063491e-02
3.949790163071851712e+00 -3.869931719551500393e-02 3.869931719555010780e-02
3.956079637853813225e+00 -3.898452845646562664e-02 3.898452845650095255e-02
3.962369112635774737e+00 -3.926937212937493815e-02 3.926937212941049998e-02
3.968658587417736250e+00 -3.955384550538477290e-02 3.955384550542057759e-02
3.974948062199697763e+00 -3.983794587862432568e-02 3.983794587866028997e-02
3.981237536981659275e+00 -4.012167054623258511e-02 4.012167054626872981e-02
3.987527011763621232e+00 -4.040501680838112092e-02 4.040501680841752929e-02
3.993816486545582745e+00 -4.068798196829662150e-02 4.068798196833322417e-02
4.000105961327544257e+00 -4.097056333228363267e-02 4.097056333232042963e-02
4.006395436109505326e+00 -4.125275820974710211e-02 4.125275820978406560e-02
4.012684910891467283e+00 -4.153456391321510427e-02 4.153456391325227592e-02
4.018974385673428351e+00 -4.181597775836121134e-02 4.181597775839863279e-02
4.025263860455390308e+00 -4.209699706402753039e-02 4.209699706406508368e-02
4.031553335237352265e+00 -4.237761915224674131e-02 4.237761915228452358e-02
4.037842810019313333e+00 -4.265784134826517554e-02 4.265784134830314517e-02
4.044132284801275290e+00 -4.293766098056524955e-02 4.293766098060342040e-02
4.050421759583236359e+00 -4.321707538088784273e-02 4.321707538092623563e-02
4.056711234365198315e+00 -4.349608188425521660e-02 4.349608188429376909e-02
4.063000709147159384e+00 -4.377467782899324700e-02 4.377467782903199378e-02
4.069290183929121341e+00 -4.405286055675428081e-02 4.405286055679324270e-02
4.075579658711082409e+00 -4.433062741253947919e-02 4.433062741257862149e-02
4.081869133493044366e+00 -4.460797574472138982e-02 4.460797574476073335e-02
4.088158608275005435e+00 -4.488490290506654684e-02 4.488490290510606384e-02
4.094448083056967391e+00 -4.516140624875800147e-02 4.516140624879769194e-02
4.100737557838928460e+00 -4.543748313441772768e-02 4.543748313445759163e-02
4.107027032620890417e+00 -4.571313092412933321e-02 4.571313092416935675e-02
4.113316507402852373e+00 -4.598834698346029870e-02 4.598834698350051653e-02
4.119605982184813442e+00 -4.626312868148473728e-02 4.626312868152514246e-02
4.125895456966775399e+00 -4.653747339080577250e-02 4.653747339084635115e-02
4.132184931748736467e+00 -4.681137848757788156e-02 4.681137848761860593e-02
4.138474406530698424e+00 -4.708484135152966876e-02 4.708484135157059436e-02
4.144763881312659493e+00 -4.735785936598602142e-02 4.735785936602709967e-02
4.151053356094621449e+00 -4.763042991789082081e-02 4.763042991793208641e-02
4.157342830876582518e+00 -4.790255039782919527e-02 4.790255039787058577e-02
4.163632305658544475e+00 -4.817421820005005767e-02 4.817421820009160777e-02
4.169921780440505543e+00 -4.844543072248846255e-02 4.844543072253015836e-02
4.176211255222467500e+00 -4.871618536678817141e-02 4.871618536683006151e-02
4.182500730004428569e+00 -4.898647953832384327e-02 4.898647953836593461e-02
4.188790204786390525e+00 -4.925631064622376654e-02 4.925631064626601052e-02
4.195079679568352482e+00 -4.952567610339182747e-02 4.952567610343423798e-02
4.201369154350313551e+00 -4.979457332653021429e-02 4.979457332657280522e-02
4.207658629132275507e+00 -5.006299973616177429e-02 5.006299973620448318e-02
4.213948103914236576e+00 -5.033095275665209339e-02 5.033095275669496882e-02
4.220237578696198533e+00 -5.059842981623233205e-02 5.059842981627535319e-02
4.226527053478159601e+00 -5.086542834702100641e-02 5.086542834706415939e-02
4.232816528260121558e+00 -5.113194578504688670e-02 5.113194578509018540e-02
4.239106003042082627e+00 -5.139797957027086167e-02 5.139797957031429221e-02
4.245395477824044583e+00 -5.166352714660860102e-02 5.166352714665217033e-02
4.251684952606005652e+00 -5.192858596195250309e-02 5.192858596199626670e-02
4.257974427387967609e+00 -5.219315346819455859e-02 5.219315346823844015e-02
4.264263902169928677e+00 -5.245722712124790965e-02 5.245722712129190918e-02
4.270553376951890634e+00 -5.272080438106972050e-02 5.272080438111383105e-02
4.276842851733852591e+00 -5.298388271168313901e-02 5.298388271172743691e-02
4.283132326515813659e+00 -5.324645958119966771e-02 5.324645958124406969e-02
4.289421801297775616e+00 -5.350853246184142376e-02 5.350853246188594370e-02
4.295711276079736685e+00 -5.377009882996315604e-02 5.377009883000782864e-02
4.302000750861698641e+00 -5.403115616607493538e-02 5.403115616611973288e-02
4.308290225643659710e+00 -5.429170197409004944e-02 5.429170197413499266e-02
4.314579700425621667e+00 -5.455173381596074844e-02 5.455173381600580962e-02
4.320869175207582735e+00 -5.481124909290995689e-02 5.481124909295517766e-02
4.327158649989544692e+00 -5.507024530227398046e-02 5.507024530231929837e-02
4.333448124771505761e+00 -5.532871994565480289e-02 5.532871994570023877e-02
4.339737599553467717e+00 -5.558667052894277621e-02 5.558667052898831618e-02
4.346027074335428786e+00 -5.584409456233832558e-02 5.584409456238399738e-02
4.352316549117390743e+00 -5.610098956037445905e-02 5.610098956042025575e-02
4.358606023899352699e+00 -5.635735304193868755e-02 5.635735304198458140e-02
4.364895498681313768e+00 -5.661318253029508363e-02 5.661318253034108849e-02
4.371184973463275725e+00 -5.686847555310665936e-02 5.686847555315280994e-02
4.377474448245236793e+00 -5.712322964245705736e-02 5.712322964250331897e-02
4.383763923027198750e+00 -5.737744233487304668e-02 5.737744233491938461e-02
4.390053397809159819e+00 -5.763111117134614436e-02 5.763111117139255168e-02
4.396342872591121775e+00 -5.788423369735509749e-02 5.788423369740164359e-02
4.402632347373082844e+00 -5.813680746288762968e-02 5.813680746293425211e-02
4.408921822155044801e+00 -5.838883002246253451e-02 5.838883002250930265e-02
4.415211296937005869e+00 -5.864029893515172731e-02 5.864029893519859954e-02
4.421500771718967826e+00 -5.889121176460232476e-02 5.889121176464931495e-02
4.427790246500929783e+00 -5.914156607905839830e-02 5.914156607910547175e-02
4.434079721282890851e+00 -5.939135945138307449e-02 5.939135945143021733e-02
4.440369196064852808e+00 -5.964058945908060072e-02 5.964058945912780602e-02
4.446658670846813877e+00 -5.988925368431805007e-02 5.988925368436534558e-02
4.452948145628775833e+00 -6.013734971394757434e-02 6.013734971399496004e-02
4.459237620410736902e+00 -6.038487513952794927e-02 6.038487513957544600e-02
4.465527095192698859e+00 -6.063182755734679991e-02 6.063182755739439378e-02
4.471816569974659927e+00 -6.087820456844227762e-02 6.087820456848994088e-02
4.478106044756621884e+00 -6.112400377862509115e-02 6.112400377867280993e-02
4.484395519538582953e+00 -6.136922279850018369e-02 6.136922279854795104e-02
4.490684994320544909e+00 -6.161385924348877774e-02 6.161385924353667692e-02
4.496974469102505978e+00 -6.185791073385008693e-02 6.185791073389806938e-02
4.503263943884467935e+00 -6.210137489470324290e-02 6.210137489475125311e-02
4.509553418666429891e+00 -6.234424935604883367e-02 6.234424935609694102e-02
4.515842893448390960e+00 -6.258653175279102476e-02 6.258653175283918069e-02
4.522132368230352917e+00 -6.282821972475917394e-02 6.282821972480741313e-02
4.528421843012313985e+00 -6.306931091672954293e-02 6.306931091677783763e-02
4.534711317794275942e+00 -6.330980297844716886e-02 6.330980297849553295e-02
4.541000792576237011e+00 -6.354969356464744423e-02 6.354969356469584996e-02
4.547290267358198967e+00 -6.378898033507794663e-02 6.378898033512643562e-02
4.553579742140160036e+00 -6.402766095452003259e-02 6.402766095456856321e-02
4.559869216922121993e+00 -6.426573309281068125e-02 6.426573309285925351e-02
4.566158691704083061e+00 -6.450319442486389387e-02 6.450319442491254940e-02
4.572448166486045018e+00 -6.474004263069269016e-02 6.474004263074138732e-02
4.578737641268006087e+00 -6.497627539543031350e-02 6.497627539547905229e-02
4.585027116049968043e+00 -6.521189040935226888e-02 6.521189040940106318e-02
4.591316590831930000e+00 -6.544688536789765310e-02 6.544688536794648903e-02
4.597606065613891069e+00 -6.568125797169073465e-02 6.568125797173962610e-02
4.603895540395853025e+00 -6.591500592656267254e-02 6.591500592661163338e-02
4.610185015177814094e+00 -6.614812694357298517e-02 6.614812694362194601e-02
4.616474489959776051e+00 -6.638061873903101928e-02 6.638061873908006338e-02
4.622763964741737119e+00 -6.661247903451752994e-02 6.661247903456661568e-02
4.629053439523699076e+00 -6.684370555690621885e-02 6.684370555695533234e-02
4.635342914305660145e+00 -6.707429603838502286e-02 6.707429603843415022e-02
4.641632389087622101e+00 -6.730424821647781886e-02 6.730424821652698786e-02
4.647921863869583170e+00 -6.753355983406564289e-02 6.753355983411482577e-02
4.654211338651545127e+00 -6.776222863940828400e-02 6.776222863945746688e-02
4.660500813433506195e+00 -6.799025238616554501e-02 6.799025238621476952e-02
4.666790288215468152e+00 -6.821762883341878081e-02 6.821762883346804696e-02
4.673079762997430109e+00 -6.844435574569214531e-02 6.844435574574143921e-02
4.679369237779391177e+00 -6.867043089297392156e-02 6.867043089302320158e-02
4.685658712561353134e+00 -6.889585205073794905e-02 6.889585205078728458e-02
4.691948187343314203e+00 -6.912061699996488451e-02 6.912061700001422004e-02
4.698237662125276159e+00 -6.934472352716346266e-02 6.934472352721281208e-02
4.704527136907237228e+00 -6.956816942439181251e-02 6.956816942444118967e-02
4.710816611689199185e+00 -6.979095248927873196e-02 6.979095248932808138e-02
4.717106086471160253e+00 -7.001307052504476824e-02 7.001307052509414541e-02
4.723395561253122210e+00 -7.023452134052364515e-02 7.023452134057299456e-02
4.729685036035083279e+00 -7.045530275018321853e-02 7.045530275023260958e-02
4.735974510817045235e+00 -7.067541257414695910e-02 7.067541257419635015e-02
4.742263985599006304e+00 -7.089484863821465810e-02 7.089484863826407690e-02
4.748553460380968261e+00 -7.111360877388410440e-02 7.111360877393352320e-02
4.754842935162930218e+00 -7.133169081837166525e-02 7.133169081842104242e-02
4.761132409944891286e+00 -7.154909261463364423e-02 7.154909261468299364e-02
4.767421884726853243e+00 -7.176581201138741706e-02 7.176581201143679423e-02
4.773711359508814311e+00 -7.198184686313223446e-02 7.198184686318163938e-02
4.780000834290776268e+00 -7.219719503017053841e-02 7.219719503021991558e-02
4.786290309072737337e+00 -7.241185441753798802e-02 7.241185441758736518e-02
4.792579783854699293e+00 -7.262582291978669780e-02 7.262582291983607496e-02
4.798869258636660362e+00 -7.283909835287966095e-02 7.283909835292899648e-02
4.805158733418622319e+00 -7.305167860052866335e-02 7.305167860057797113e-02
4.811448208200583387e+00 -7.326356155235336232e-02 7.326356155240264234e-02
4.817737682982545344e+00 -7.347474510390231139e-02 7.347474510395154979e-02
4.824027157764506413e+00 -7.368522715667356893e-02 7.368522715672280732e-02
4.830316632546468369e+00 -7.389500561813577839e-02 7.389500561818498903e-02
4.836606107328430326e+00 -7.410407840174891569e-02 7.410407840179811245e-02
4.842895582110391395e+00 -7.431244342698502259e-02 7.431244342703414996e-02
4.849185056892353352e+00 -7.452009861934900947e-02 7.452009861939815072e-02
4.855474531674314420e+00 -7.472704191039955535e-02 7.472704191044864108e-02
4.861764006456276377e+00 -7.493327123776959142e-02 7.493327123781863552e-02
4.868053481238237445e+00 -7.513878454518711780e-02 7.513878454523613415e-02
4.874342956020199402e+00 -7.534357978249599241e-02 7.534357978254495325e-02
4.880632430802160471e+00 -7.554765490567631747e-02 7.554765490572525055e-02
4.886921905584122428e+00 -7.575100787686539494e-02 7.575100787691430027e-02
4.893211380366083496e+00 -7.595363666437804362e-02 7.595363666442689343e-02
4.899500855148045453e+00 -7.615553924272737418e-02 7.615553924277616848e-02
4.905790329930006521e+00 -7.635671359264516178e-02 7.635671359269390057e-02
4.912079804711968478e+00 -7.655715770110256557e-02 7.655715770115127661e-02
4.918369279493930435e+00 -7.675686956133057071e-02 7.675686956137925399e-02
4.924658754275891503e+00 -7.695584717284031928e-02 7.695584717288894705e-02
4.930948229057853460e+00 -7.715408854144382989e-02 7.715408854149238826e-02
4.937237703839814529e+00 -7.735159167927410651e-02 7.735159167932259550e-02
4.943527178621776486e+00 -7.754835460480585807e-02 7.754835460485429155e-02
4.949816653403737554e+00 -7.774437534287555185e-02 7.774437534292392982e-02
4.956106128185699511e+00 -7.793965192470209136e-02 7.793965192475038606e-02
4.962395602967660579e+00 -7.813418238790681425e-02 7.813418238795505344e-02
4.968685077749622536e+00 -7.832796477653403144e-02 7.832796477658221512e-02
4.974974552531583605e+00 -7.852099714107109441e-02 7.852099714111922257e-02
4.981264027313545562e+00 -7.871327753846880937e-02 7.871327753851686815e-02
4.987553502095506630e+00 -7.890480403216147687e-02 7.890480403220943850e-02
4.993842976877468587e+00 -7.909557469208722269e-02 7.909557469213511494e-02
5.000132451659430544e+00 -7.928558759470799577e-02 7.928558759475584639e-02
5.006421926441391612e+00 -7.947484082302978814e-02 7.947484082307755549e-02
5.012711401223353569e+00 -7.966333246662281320e-02 7.966333246667046952e-02
5.019000876005314637e+00 -7.985106062164125384e-02 7.985106062168881302e-02
5.025290350787276594e+00 -8.003802339084370443e-02 8.003802339089119422e-02
5.031579825569237663e+00 -8.022421888361283560e-02 8.022421888366026987e-02
5.037869300351199620e+00 -8.040964521597566972e-02 8.040964521602300685e-02
5.044158775133160688e+00 -8.059430051062316247e-02 8.059430051067041634e-02
5.050448249915122645e+00 -8.077818289693056153e-02 8.077818289697769050e-02
5.056737724697083713e+00 -8.096129051097676610e-02 8.096129051102382568e-02
5.063027199479045670e+00 -8.114362149556478276e-02 8.114362149561173132e-02
5.069316674261006739e+00 -8.132517400024096010e-02 8.132517400028781152e-02
5.075606149042968696e+00 -8.150594618131525027e-02 8.150594618136203229e-02
5.081895623824930652e+00 -8.168593620188072113e-02 8.168593620192739213e-02
5.088185098606891721e+00 -8.186514223183326278e-02 8.186514223187985051e-02
5.094474573388853678e+00 -8.204356244789152985e-02 8.204356244793800657e-02
5.100764048170814746e+00 -8.222119503361630111e-02 8.222119503366265292e-02
5.107053522952776703e+00 -8.239803817943033848e-02 8.239803817947657927e-02
5.113342997734737772e+00 -8.257409008263785766e-02 8.257409008268401518e-02
5.119632472516699728e+00 -8.274934894744422065e-02 8.274934894749025327e-02
5.125921947298660797e+00 -8.292381298497535080e-02 8.292381298502127240e-02
5.132211422080622754e+00 -8.309748041329732826e-02 8.309748041334313884e-02
5.138500896862583822e+00 -8.327034945743574945e-02 8.327034945748142125e-02
5.144790371644545779e+00 -8.344241834939537805e-02 8.344241834944093883e-02
5.151079846426506847e+00 -8.361368532817926857e-02 8.361368532822469057e-02
5.157369321208468804e+00 -8.378414863980833405e-02 8.378414863985367278e-02
5.163658795990430761e+00 -8.395380653734067777e-02 8.395380653738587773e-02
5.169948270772391830e+00 -8.412265728089071692e-02 8.412265728093579198e-02
5.176237745554353786e+00 -8.429069913764875022e-02 8.429069913769368649e-02
5.182527220336314855e+00 -8.445793038189984558e-02 8.445793038194464308e-02
5.188816695118276812e+00 -8.462434929504329684e-02 8.462434929508799719e-02
5.195106169900237880e+00 -8.478995416561170562e-02 8.478995416565626719e-02
5.201395644682199837e+00 -8.495474328929009111e-02 8.495474328933450003e-02
5.207685119464160906e+00 -8.511871496893487488e-02 8.511871496897918665e-02
5.213974594246122862e+00 -8.528186751459329584e-02 8.528186751463742721e-02
5.220264069028083931e+00 -8.544419924352186779e-02 8.544419924356588814e-02
5.226553543810045888e+00 -8.560570848020593315e-02 8.560570848024978696e-02
5.232843018592006956e+00 -8.576639355637821760e-02 8.576639355642193263e-02
5.239132493373968913e+00 -8.592625281103791202e-02 8.592625281108150215e-02
5.245421968155930870e+00 -8.608528459046947690e-02 8.608528459051290049e-02
5.251711442937891938e+00 -8.624348724826143286e-02 8.624348724830471768e-02
5.258000917719853895e+00 -8.640085914532537326e-02 8.640085914536849154e-02
5.264290392501814964e+00 -8.655739864991443544e-02 8.655739864995741495e-02
5.270579867283776920e+00 -8.671310413764220237e-02 8.671310413768501535e-02
5.276869342065737989e+00 -8.686797399150127108e-02 8.686797399154395916e-02
5.283158816847699946e+00 -8.702200660188208481e-02 8.702200660192460635e-02
5.289448291629661014e+00 -8.717520036659126559e-02 8.717520036663363447e-02
5.295737766411622971e+00 -8.732755369087040476e-02 8.732755369091260711e-02
5.302027241193584040e+00 -8.747906498741436776e-02 8.747906498745644521e-02
5.308316715975545996e+00 -8.762973267639012631e-02 8.762973267643198172e-02
5.314606190757507953e+00 -8.777955518545474400e-02 8.777955518549646063e-02
5.320895665539469022e+00 -8.792853094977415296e-02 8.792853094981567530e-02
5.327185140321430978e+00 -8.807665841204131985e-02 8.807665841208270341e-02
5.333474615103392047e+00 -8.822393602249468947e-02 8.822393602253589262e-02
5.339764089885354004e+00 -8.837036223893636466e-02 8.837036223897740128e-02
5.346053564667315072e+00 -8.851593552675032783e-02 8.851593552679119792e-02
5.352343039449277029e+00 -8.866065435892082902e-02 8.866065435896151870e-02
5.358632514231238098e+00 -8.880451721605024662e-02 8.880451721609075588e-02
5.364921989013200054e+00 -8.894752258637746156e-02 8.894752258641779041e-02
5.371211463795161123e+00 -8.908966896579578743e-02 8.908966896583594974e-02
5.377500938577123080e+00 -8.923095485787105319e-02 8.923095485791103509e-02
5.383790413359084148e+00 -8.937137877385957496e-02 8.937137877389934870e-02
5.390079888141046105e+00 -8.951093923272603059e-02 8.951093923276565167e-02
5.396369362923008062e+00 -8.964963476116151464e-02 8.964963476120095531e-02
5.402658837704969130e+00 -8.978746389360124647e-02 8.978746389364047897e-02
5.408948312486931087e+00 -8.992442517224243093e-02 8.992442517228146914e-02
5.415237787268892156e+00 -9.006051714706202194e-02 9.006051714710087974e-02
5.421527262050854112e+00 -9.019573837583448606e-02 9.019573837587313569e-02
5.427816736832815181e+00 -9.033008742414938563e-02 9.033008742418785486e-02
5.434106211614777138e+00 -9.046356288448970107e-02 9.046356288452798988e-02
5.440395686396738206e+00 -9.059616334793077486e-02 9.059616334796885551e-02
5.446685161178700163e+00 -9.072788737393593095e-02 9.072788737397383119e-02
5.452974635960661232e+00 -9.085873355952990560e-02 9.085873355956756992e-02
5.459264110742623188e+00 -9.098870050964047440e-02 9.098870050967794443e-02
5.465553585524584257e+00 -9.111778683711579951e-02 9.111778683715307525e-02
5.471843060306546214e+00 -9.124599116274177690e-02 9.124599116277881672e-02
5.478132535088508170e+00 -9.137331211525925867e-02 9.137331211529611807e-02
5.484422009870469239e+00 -9.149974833138145580e-02 9.149974833141812092e-02
5.490711484652431196e+00 -9.162529845581116050e-02 9.162529845584761745e-02
5.497000959434392264e+00 -9.174996114125771873e-02 9.174996114129395364e-02
5.503290434216354221e+00 -9.187373504845432193e-02 9.187373504849037642e-02
5.509579908998315290e+00 -9.199661884617506280e-02 9.199661884621088137e-02
5.515869383780277246e+00 -9.211861121125182461e-02 9.211861121128744889e-02
5.522158858562238315e+00 -9.223971082859139248e-02 9.223971082862679471e-02
5.528448333344200272e+00 -9.235991639119234264e-02 9.235991639122752284e-02
5.534737808126161340e+00 -9.247922660016177909e-02 9.247922660019673724e-02
5.541027282908123297e+00 -9.259764016473241710e-02 9.259764016476715320e-02
5.547316757690084366e+00 -9.271515580227905617e-02 9.271515580231357023e-02
5.553606232472046322e+00 -9.283177223833555258e-02 9.283177223836983072e-02
5.559895707254008279e+00 -9.294748820661129229e-02 9.294748820664537614e-02
5.566185182035969348e+00 -9.306230244900792759e-02 9.306230244904178939e-02
5.572474656817931304e+00 -9.317621371563597488e-02 9.317621371566958688e-02
5.578764131599892373e+00 -9.328922076483114889e-02 9.328922076486453885e-02
5.585053606381854330e+00 -9.340132236317101599e-02 9.340132236320417003e-02
5.591343081163815398e+00 -9.351251728549125897e-02 9.351251728552419096e-02
5.597632555945777355e+00 -9.362280431490223320e-02 9.362280431493491539e-02
5.603922030727738424e+00 -9.373218224280498168e-02 9.373218224283746958e-02
5.610211505509700380e+00 -9.384064986890777726e-02 9.384064986894002924e-02
5.616500980291661449e+00 -9.394820600124212384e-02 9.394820600127412602e-02
5.622790455073623406e+00 -9.405484945617896553e-02 9.405484945621071791e-02
5.629079929855584474e+00 -9.416057905844475717e-02 9.416057905847628751e-02
5.635369404637546431e+00 -9.426539364113761810e-02 9.426539364116889863e-02
5.641658879419508388e+00 -9.436929204574306951e-02 9.436929204577412800e-02
5.647948354201469456e+00 -9.447227312215022987e-02 9.447227312218103856e-02
5.654237828983431413e+00 -9.457433572866751070e-02 9.457433572869806959e-02
5.660527303765392482e+00 -9.467547873203842335e-02 9.467547873206874631e-02
5.666816778547354438e+00 -9.477570100745752457e-02 9.477570100748759774e-02
5.673106253329315507e+00 -9.487500143858587642e-02 9.487500143861568591e-02
5.679395728111277464e+00 -9.497337891756682526e-02 9.497337891759641271e-02
5.685685202893238532e+00 -9.507083234504162816e-02 9.507083234507096581e-02
5.691974677675200489e+00 -9.516736063016487113e-02 9.516736063019394509e-02
5.698264152457161558e+00 -9.526296269062001221e-02 9.526296269064882249e-02
5.704553627239123514e+00 -9.535763745263481361e-02 9.535763745266338798e-02
5.710843102021084583e+00 -9.545138385099663503e-02 9.545138385102494571e-02
5.717132576803046540e+00 -9.554420082906781020e-02 9.554420082909587109e-02
5.723422051585008496e+00 -9.563608733880080148e-02 9.563608733882861257e-02
5.729711526366969565e+00 -9.572704234075350704e-02 9.572704234078105445e-02
5.736001001148931522e+00 -9.581706480410424887e-02 9.581706480413154647e-02
5.742290475930892590e+00 -9.590615370666689954e-02 9.590615370669391959e-02
5.748579950712854547e+00 -9.599430803490593966e-02 9.599430803493269604e-02
5.754869425494815616e+00 -9.608152678395125157e-02 9.608152678397775814e-02
5.761158900276777572e+00 -9.616780895761323222e-02 9.616780895763947512e-02
5.767448375058738641e+00 -9.625315356839732328e-02 9.625315356842331638e-02
5.773737849840700598e+00 -9.633755963751906848e-02 9.633755963754481177e-02
5.780027324622661666e+00 -9.642102619491860205e-02 9.642102619494405391e-02
5.786316799404623623e+00 -9.650355227927537305e-02 9.650355227930056123e-02
5.792606274186584692e+00 -9.658513693802268929e-02 9.658513693804759992e-02
5.798895748968546648e+00 -9.666577922736228901e-02 9.666577922738693596e-02
5.805185223750508605e+00 -9.674547821227870437e-02 9.674547821230308764e-02
5.811474698532469674e+00 -9.682423296655373601e-02 9.682423296657784173e-02
5.817764173314431631e+00 -9.690204257278073330e-02 9.690204257280457534e-02
5.824053648096392699e+00 -9.697890612237883290e-02 9.697890612240239738e-02
5.830343122878354656e+00 -9.705482271560719743e-02 9.705482271563048435e-02
5.836632597660315724e+00 -9.712979146157912913e-02 9.712979146160213850e-02
5.842922072442277681e+00 -9.720381147827612811e-02 9.720381147829887380e-02
5.849211547224238750e+00 -9.727688189256190887e-02 9.727688189258437701e-02
5.855501022006200706e+00 -9.734900184019636138e-02 9.734900184021855196e-02
5.861790496788161775e+00 -9.742017046584934559e-02 9.742017046587124474e-02
5.868079971570123732e+00 -9.749038692311458310e-02 9.749038692313621857e-02
5.874369446352084800e+00 -9.755965037452335453e-02 9.755965037454469857e-02
5.880658921134046757e+00 -9.762795999155816917e-02 9.762795999157922178e-02
5.886948395916008714e+00 -9.769531495466636517e-02 9.769531495468714022e-02
5.893237870697969782e+00 -9.776171445327368204e-02 9.776171445329416565e-02
5.899527345479931739e+00 -9.782715768579770821e-02 9.782715768581791427e-02
5.905816820261892808e+00 -9.789164385966125925e-02 9.789164385968118776e-02
5.912106295043854765e+00 -9.795517219130578379e-02 9.795517219132543474e-02
5.918395769825815833e+00 -9.801774190620457516e-02 9.801774190622393468e-02
5.924685244607777790e+00 -9.807935223887595533e-02 9.807935223889502341e-02
5.930974719389738858e+00 -9.814000243289641712e-02 9.814000243291519376e-02
5.937264194171700815e+00 -9.819969174091372488e-02 9.819969174093222397e-02
5.943553668953661884e+00 -9.825841942465987633e-02 9.825841942467807011e-02
5.949843143735623840e+00 -9.831618475496398113e-02 9.831618475498189735e-02
5.956132618517584909e+00 -9.837298701176516724e-02 9.837298701178277816e-02
5.962422093299546866e+00 -9.842882548412532073e-02 9.842882548414265409e-02
5.968711568081508823e+00 -9.848369947024182558e-02 9.848369947025886750e-02
5.975001042863469891e+00 -9.853760827746015083e-02 9.853760827747688744e-02
5.981290517645431848e+00 -9.859055122228643775e-02 9.859055122230289681e-02
5.987579992427392916e+00 -9.864252763040004535e-02 9.864252763041619909e-02
5.993869467209354873e+00 -9.869353683666585997e-02 9.869353683668170840e-02
6.000158941991315942e+00 -9.874357818514670204e-02 9.874357818516227292e-02
6.006448416773277899e+00 -9.879265102911563567e-02 9.879265102913090124e-02
6.012737891555238967e+00 -9.884075473106807008e-02 9.884075473108304422e-02
6.019027366337200924e+00 -9.888788866273398592e-02 9.888788866274866862e-02
6.025316841119161992e+00 -9.893405220508989795e-02 9.893405220510427533e-02
6.031606315901123949e+00 -9.897924474837092867e-02 9.897924474838498687e-02
6.037895790683085906e+00 -9.902346569208257676e-02 9.902346569209634353e-02
6.044185265465046974e+00 -9.906671444501266577e-02 9.906671444502614110e-02
6.050474740247008931e+00 -9.910899042524307090e-02 9.910899042525625480e-02
6.056764215028970000e+00 -9.915029306016133470e-02 9.915029306017421329e-02
6.063053689810931957e+00 -9.919062178647232442e-02 9.919062178648491157e-02
6.069343164592893025e+00 -9.922997605020972278e-02 9.922997605022199075e-02
6.075632639374854982e+00 -9.926835530674749108e-02 9.926835530675945374e-02
6.081922114156816050e+00 -9.930575902081123507e-02 9.930575902082289241e-02
6.088211588938778007e+00 -9.934218666648950147e-02 9.934218666650085350e-02
6.094501063720739076e+00 -9.937763772724494959e-02 9.937763772725599631e-02
6.100790538502701033e+00 -9.941211169592556463e-02 9.941211169593630603e-02
6.107080013284662101e+00 -9.944560807477564879e-02 9.944560807478608488e-02
6.113369488066624058e+00 -9.947812637544682646e-02 9.947812637545695724e-02
6.119658962848586015e+00 -9.950966611900893821e-02 9.950966611901874981e-02
6.125948437630547083e+00 -9.954022683596083776e-02 9.954022683597035792e-02
6.132237912412509040e+00 -9.956980806624121660e-02 9.956980806625043146e-02
6.138527387194470109e+00 -9.959840935923910954e-02 9.959840935924801908e-02
6.144816861976432065e+00 -9.962603027380467768e-02 9.962603027381326803e-02
6.151106336758393134e+00 -9.965267037825947805e-02 9.965267037826776308e-02
6.157395811540355091e+00 -9.967832925040709391e-02 9.967832925041508751e-02
6.163685286322316159e+00 -9.970300647754333501e-02 9.970300647755100942e-02
6.169974761104278116e+00 -9.972670165646652096e-02 9.972670165647389007e-02
6.176264235886239184e+00 -9.974941439348769534e-02 9.974941439349474526e-02
6.182553710668201141e+00 -9.977114430444064541e-02 9.977114430444739002e-02
6.188843185450162210e+00 -9.979189101469199130e-02 9.979189101469841672e-02
6.195132660232124167e+00 -9.981165415915102535e-02 9.981165415915714545e-02
6.201422135014086123e+00 -9.983043338227963470e-02 9.983043338228543562e-02
6.207711609796047192e+00 -9.984822833810197418e-02 9.984822833810746978e-02
6.214001084578009149e+00 -9.986503869021422231e-02 9.986503869021939872e-02
6.220290559359970217e+00 -9.988086411179408763e-02 9.988086411179897262e-02
6.226580034141932174e+00 -9.989570428561039828e-02 9.989570428561496407e-02
6.232869508923893243e+00 -9.990955890403244166e-02 9.990955890403668826e-02
6.239158983705855199e+00 -9.992242766903933204e-02 9.992242766904327333e-02
6.245448458487816268e+00 -9.993431029222926698e-02 9.993431029223287521e-02
6.251737933269778225e+00 -9.994520649482865893e-02 9.994520649483196184e-02
6.258027408051739293e+00 -9.995511600770125293e-02 9.995511600770425054e-02
6.264316882833701250e+00 -9.996403857135707782e-02 9.996403857135975624e-02
6.270606357615662318e+00 -9.997197393596134185e-02 9.997197393596370107e-02
6.276895832397624275e+00 -9.997892186134327286e-02 9.997892186134532677e-02
6.283185307179586232e+00 -9.998488211700484740e-02 9.998488211700484740e-02
